000,000,000,000,000,000,000,000,000,000,-27,-24.5,-22,-19.75,-17.75,-15.75,-13.75,-12,-10.25,-8.5,-6.75,-5.25,-3.75,-2.25,-0.75,0.5,1.75,3,4.25,5.5,6.75,7.875,9,10,10.9,11.8,12.7,13.6,14.5,15.4,16.3,17.2,18.1,19,19.9,20.8,21.7,22.6,23.5,24.4,25.3,26.2,27.1,28,28.9,29.8,30.7,31.6,32.5,33.4,34.3,34.9,35.5,36.1,36.75,37.4,38.1,38.8,39.5,40.2,40.9,41.6,42.3,43,43.7,44.4,45.1,45.8,46.5,47.2,47.9,48.6,49.3,50,50.7,51.4,52.1,52.8,53.5,54.2,54.6,55.3,56,56.5,57.2,57.9,58.6,59.3,60,60.6,61.2,61.8,62.4,63,63.6,64.2,64.8,65.4,66,66.6,67.2,67.8,68.4,69,69.6,70.3,71,71.7,72.4,73,73.7,74.3,74.9,75.5,76.1,76.7,77.3,77.9,78.5,79.2,79.9,80.5,81.2,81.9,82.5,83.2,83.9,84.5,85.2,85.9,86.5,87.2,87.9,88.5,89.2,89.9,90.6,91.3,92,92.7,93.4,94.1,94.8,95.5,96.2,96.9,97.6,98.3,99,99.7,100.5,101.2,101.9,102.7,103.5,104.3,105,105.7,106.5,107.3,108.1,108.9,109.7,110.5,111.3,112,112.7,113.5,114.2,115,116,117,118,119,120,121,122,123,124,125,126,127,128,129,130,131,132,133,134.2,135.3,136.5,137.6,138.8,140,141.2,142.4,143.7,145,146.4,147.8,149.2,150.6,152



0,0,0,0,0,0,0,0,0,0,-27,-24,-22,-20,-18,-16,-14,-12,-10,-9,-7,-5,-4,-2,-1,1,2,3,4,6,7,8,9,10,11,12,13,14,14,15,16,17,18,19,20,21,22,23,24,25,25,26,27,28,29,30,31,32,32,33,34,35,36,36,37,37,38,39,40,41,41,42,42,43,44,44,45,46,46,47,48,49,49,50,51,51,52,53,53,54,55,55,56,57,57,58,59,59,60,61,61,62,62,63,64,64,65,65,66,67,67,68,68,69,70,70,71,72,72,73,74,74,75,75,76,77,77,78,79,79,80,81,81,82,83,83,84,85,85,86,87,87,88,89,89,90,91,91,92,93,93,94,95,95,96,97,98,98,99,100,100,101,102,103,104,104,105,106,106,107,108,109,110,111,111,112,113,113,114,115,116,117,118,119,120,121,122,123,124,125,126,127,128,129,130,131,132,133,134,135,136,138,139,140,141,142,144,145,146,148,150,151,152,153,155,156,157,159,161,163,164,166,168,170,172,174,176,179,181,184,186,188,190,193,197,201,204,208



0,1,2,3,4,5,6,7,8,9,10,11,12,13,14,15,16,17,18,19,20,21,22,23,24,25,26,27,28,29,30,31,32,33,34,35,36,37,38,39,40,41,42,43,44,4,45,46,47,48,49,50,51,52,53,54,0,1,2,3,4,5,6,7,8,9,10,11,12,13,14,15,16,17,18,19,20,21,22,23,24,25,26,27,28,29,30,31,32,33,34,35,36,37,38,39,40,41,42,43,44,4,45,46,47,48,49,50,51,52,53,54,0,1,2,3,4,5,6,7,8,9,10,11,12,13,14,15,16,17,18,19,20,21,22,23,24,25,26,27,28,29,30,31,32,33,34,35,36,37,38,39,40,41,42,43,44,4,45,46,47,48,49,50,51,52,53,54,0,1,2,3,4,5,6,7,8,9,10,11,12,13,14,15,16,17,18,19,20,21,22,23,24,25,26,27,28,29,30,31,32,33,34,35,36,37,38,39,40,41,42,43,44,4,45,46,47,48,49,50,51,52,53,54,0,1,2,3,4,5,6,7,8,9,10,11,12,13,14,15,16,17,18,19,20,21,22,23,24,25,26,27,28,29,30,31,32,33,34,35,36,37,38,39,40,41,42,43,44,4,45,46,47,48,49,50,51,52,53,54



0,1,2,3,4,5,6,7,8,9,10,11,12,13,14,15,16,17,18,19,20,21,22,23,24,25,26,27,28,29,30,31,32,33,34,35,36,37,38,39,40,41,42,43,44,4,45,46,47,48,49,50,51,52,53,54,55,56,57,58,59,60,61,0,1,2,3,4,5,6,7,8,9,10,11,12,13,14,15,16,17,18,19,20,21,22,23,24,25,26,27,28,29,30,31,32,33,34,35,36,37,38,39,40,41,42,43,44,4,45,46,47,48,49,50,51,52,53,54,55,56,57,58,59,60,61,0,1,2,3,4,5,6,7,8,9,10,11,12,13,14,15,16,17,18,19,20,21,22,23,24,25,26,27,28,29,30,31,32,33,34,35,36,37,38,39,40,41,42,43,44,4,45,46,47,48,49,50,51,52,53,54,55,56,57,58,59,60,61,0,1,2,3,4,5,6,7,8,9,10,11,12,13,14,15,16,17,18,19,20,21,22,23,24,25,26,27,28,29,30,31,32,33,34,35,36,37,38,39,40,41,42,43,44,4,45,46,47,48,49,50,51,52,53,54,55,56,57,58,59,60,61,0,1,2,3,4,5,6,7,8,9,10,11,12,13,14,15,16,17,18,19,20,21,22,23,24,25,26,27,28,29,30,31,32,33,34,35,36,37,38,39,40,41,42,43,44,4,45,46,47,48,49,50,51,52,53,54,55,56,57,58,59,60,61,0,1,2,3,4,5,6,7,8,9,10,11,12,13,14,15,16,17,18,19,20,21,22,23,24,25,26,27,28,29,30,31,32,33,34,35,36,37,38,39,40,41,42,43,44,4,45,46,4